模型系数 (coef_): [  0.91124343   0.91124343  24.8596498   32.95764165 -11.1363695
  11.66591595  16.26766919  26.99489892   0.33318734   0.44553564
  -0.07146658   4.70123567  -0.8433942   -5.07348245  -2.14537966
  -0.19382386  -2.03857149  -5.08587282  -2.902078    -3.90373859
  -5.41796028  -8.63724116  -9.24724039  -5.96411878   7.03944631
  34.83227956  37.34212641  33.89757993  17.65720841  20.24956697
  24.09708388  24.31144256  19.59140359  22.99886195  36.65154916
  43.32501011  43.39919776  44.29627975  35.89671634  23.1918755
  16.1332118    6.99507458   1.02117681   3.04446978   1.55917515
   4.51821073   5.19775446   4.78618933  12.42562643  -1.61697709
 -14.49940563]
模型截距 (intercept_): [149.72888898]
